11730251359286723731141466095709901450170369094578288842486979042586033922425
16840107165088863967915210007587912659284078921617963461964766810340417919302
15859431825729864904689765900510057165078375885034012951771306631189486866034
19112450020536740817630552402287362755371461244702857142844580713858007125662
17147509551320214855750378427901280018826899732935308011980576744063469924247
7447623557661430243489369952932022160033393854121264798419312909983913107815
480680313778789674395073681171315672666695183504420189712841632597309761421
19006373283340469827934816342382034100354962299971317849250506480330326120765
15123950452337395017477226803785624499522897739386599510847648630436530966815
1304663923264011139282089178811225791998783723819262530639313420585033803353
17374364479016338452498684362974223359519500816166088842485988211874492260732
5815632425676785366427008013753434153834055105369536537169419304434931732858
13497963293118083838049765629685110621127598997479675869818006760174178347206
14418386452535261847429604007964296266883631765821037936537407488449966086038
18608881844121225222489152982708420565300347330973391605023893758617376718724
6590895537370075888629959865132190531027557224867124625753497892726936679047
15062844998121909518153291675060353081876335940055110408925951831137639587342
5143498448768021703974057788432127437521785294675743943180432896370273300834
15982867141034731852397003758457147011484236393786444991233197999369676777497
4999572926860515193029447413167135509092021953630429026631505701444488078837
16019997279900562872432340340642064978303414694918179372760020356179734213582
18574441660481438416149789066207787549899447439729867130336344926693569189676
123844372146962526462829219673525343266865667181352423401012832967264681158
5137604638694071366926800188161196267326346199765276834980864148153204247424
1409847736604511305660852091783265968869229998055264954120666482488403937238
13104772713676881938282973055934147258872041174234535506149842427422852259635
11040124463779608947203672287386914867995023834876930092508741373130435749599
8048844192570031440654452249405820974268693491219779956151231557031572405622
21429006021208112792204539385206714194740034281561297420590460740302653973343
21672188470665084564249576171674401772281246660645600482206096249474941718692
3744151716518402830800088789424264158988119442728994495692193999884073344933
